<?xml version="1.0" ?>

<BIF VERSION="0.3">
<NETWORK>
<NAME>RedBayesianaKMS</NAME>
<PROPERTY>software aGrUM</PROPERTY>

<!-- Variables -->
<VARIABLE TYPE="nature">
	<NAME>Porcentajes</NAME>
	<PROPERTY>Porcentajes</PROPERTY>
	<OUTCOME>0</OUTCOME>
	<OUTCOME>1</OUTCOME>
	<OUTCOME>2</OUTCOME>
</VARIABLE>

<VARIABLE TYPE="nature">
	<NAME>Teorema de Thales de Mileto</NAME>
	<PROPERTY>Teorema de Thales de Mileto</PROPERTY>
	<OUTCOME>0</OUTCOME>
	<OUTCOME>1</OUTCOME>
	<OUTCOME>2</OUTCOME>
</VARIABLE>

<VARIABLE TYPE="nature">
	<NAME>Teorema de Pitágoras</NAME>
	<PROPERTY>Teorema de Pitágoras</PROPERTY>
	<OUTCOME>0</OUTCOME>
	<OUTCOME>1</OUTCOME>
	<OUTCOME>2</OUTCOME>
</VARIABLE>

<VARIABLE TYPE="nature">
	<NAME>Teorema de Euclides</NAME>
	<PROPERTY>Teorema de Euclides</PROPERTY>
	<OUTCOME>0</OUTCOME>
	<OUTCOME>1</OUTCOME>
	<OUTCOME>2</OUTCOME>
</VARIABLE>

<VARIABLE TYPE="nature">
	<NAME>Notación científica</NAME>
	<PROPERTY>Notación científica</PROPERTY>
	<OUTCOME>0</OUTCOME>
	<OUTCOME>1</OUTCOME>
	<OUTCOME>2</OUTCOME>
</VARIABLE>

<VARIABLE TYPE="nature">
	<NAME>Radicales</NAME>
	<PROPERTY>Radicales</PROPERTY>
	<OUTCOME>0</OUTCOME>
	<OUTCOME>1</OUTCOME>
	<OUTCOME>2</OUTCOME>
</VARIABLE>

<VARIABLE TYPE="nature">
	<NAME>Regla  detres</NAME>
	<PROPERTY>Regla  detres</PROPERTY>
	<OUTCOME>0</OUTCOME>
	<OUTCOME>1</OUTCOME>
	<OUTCOME>2</OUTCOME>
</VARIABLE>

<VARIABLE TYPE="nature">
	<NAME>Solución de problemas reales con ecuaciones de segundo grado</NAME>
	<PROPERTY>Solución de problemas reales con ecuaciones de segundo grado</PROPERTY>
	<OUTCOME>0</OUTCOME>
	<OUTCOME>1</OUTCOME>
	<OUTCOME>2</OUTCOME>
</VARIABLE>

<VARIABLE TYPE="nature">
	<NAME>Semezanjas de triangulos</NAME>
	<PROPERTY>Semezanjas de triangulos</PROPERTY>
	<OUTCOME>0</OUTCOME>
	<OUTCOME>1</OUTCOME>
	<OUTCOME>2</OUTCOME>
</VARIABLE>

<VARIABLE TYPE="nature">
	<NAME>Ley de exponentes</NAME>
	<PROPERTY>Ley de exponentes</PROPERTY>
	<OUTCOME>0</OUTCOME>
	<OUTCOME>1</OUTCOME>
	<OUTCOME>2</OUTCOME>
</VARIABLE>

<VARIABLE TYPE="nature">
	<NAME>División de  números  racionales</NAME>
	<PROPERTY>División de  números  racionales</PROPERTY>
	<OUTCOME>0</OUTCOME>
	<OUTCOME>1</OUTCOME>
	<OUTCOME>2</OUTCOME>
</VARIABLE>

<VARIABLE TYPE="nature">
	<NAME>Resta de  números  racionales</NAME>
	<PROPERTY>Resta de  números  racionales</PROPERTY>
	<OUTCOME>0</OUTCOME>
	<OUTCOME>1</OUTCOME>
	<OUTCOME>2</OUTCOME>
</VARIABLE>

<VARIABLE TYPE="nature">
	<NAME>Ecuaciones de segundo grado</NAME>
	<PROPERTY>Ecuaciones de segundo grado</PROPERTY>
	<OUTCOME>0</OUTCOME>
	<OUTCOME>1</OUTCOME>
	<OUTCOME>2</OUTCOME>
</VARIABLE>

<VARIABLE TYPE="nature">
	<NAME>Congruencia de trángulos</NAME>
	<PROPERTY>Congruencia de trángulos</PROPERTY>
	<OUTCOME>0</OUTCOME>
	<OUTCOME>1</OUTCOME>
	<OUTCOME>2</OUTCOME>
</VARIABLE>

<VARIABLE TYPE="nature">
	<NAME>Relación métrica de la circunferencia</NAME>
	<PROPERTY>Relación métrica de la circunferencia</PROPERTY>
	<OUTCOME>0</OUTCOME>
	<OUTCOME>1</OUTCOME>
	<OUTCOME>2</OUTCOME>
</VARIABLE>

<VARIABLE TYPE="nature">
	<NAME>Solución de problemas reales con álgebra lineal</NAME>
	<PROPERTY>Solución de problemas reales con álgebra lineal</PROPERTY>
	<OUTCOME>0</OUTCOME>
	<OUTCOME>1</OUTCOME>
	<OUTCOME>2</OUTCOME>
</VARIABLE>

<VARIABLE TYPE="nature">
	<NAME>Solución de problemas reales con trigonometría</NAME>
	<PROPERTY>Solución de problemas reales con trigonometría</PROPERTY>
	<OUTCOME>0</OUTCOME>
	<OUTCOME>1</OUTCOME>
	<OUTCOME>2</OUTCOME>
</VARIABLE>

<VARIABLE TYPE="nature">
	<NAME>Modelado de funciones</NAME>
	<PROPERTY>Modelado de funciones</PROPERTY>
	<OUTCOME>0</OUTCOME>
	<OUTCOME>1</OUTCOME>
	<OUTCOME>2</OUTCOME>
</VARIABLE>

<VARIABLE TYPE="nature">
	<NAME>Volúmen de un sólido en revolución</NAME>
	<PROPERTY>Volúmen de un sólido en revolución</PROPERTY>
	<OUTCOME>0</OUTCOME>
	<OUTCOME>1</OUTCOME>
	<OUTCOME>2</OUTCOME>
</VARIABLE>

<VARIABLE TYPE="nature">
	<NAME>Suma de números racionales</NAME>
	<PROPERTY>Suma de números racionales</PROPERTY>
	<OUTCOME>0</OUTCOME>
	<OUTCOME>1</OUTCOME>
	<OUTCOME>2</OUTCOME>
</VARIABLE>

<VARIABLE TYPE="nature">
	<NAME>Función  Lineal</NAME>
	<PROPERTY>Función  Lineal</PROPERTY>
	<OUTCOME>0</OUTCOME>
	<OUTCOME>1</OUTCOME>
	<OUTCOME>2</OUTCOME>
</VARIABLE>

<VARIABLE TYPE="nature">
	<NAME>Función Cuadrática</NAME>
	<PROPERTY>Función Cuadrática</PROPERTY>
	<OUTCOME>0</OUTCOME>
	<OUTCOME>1</OUTCOME>
	<OUTCOME>2</OUTCOME>
</VARIABLE>

<VARIABLE TYPE="nature">
	<NAME>Función Polinomial</NAME>
	<PROPERTY>Función Polinomial</PROPERTY>
	<OUTCOME>0</OUTCOME>
	<OUTCOME>1</OUTCOME>
	<OUTCOME>2</OUTCOME>
</VARIABLE>

<VARIABLE TYPE="nature">
	<NAME>Función  Exponencial</NAME>
	<PROPERTY>Función  Exponencial</PROPERTY>
	<OUTCOME>0</OUTCOME>
	<OUTCOME>1</OUTCOME>
	<OUTCOME>2</OUTCOME>
</VARIABLE>

<VARIABLE TYPE="nature">
	<NAME>Funciones  Logarítmicas</NAME>
	<PROPERTY>Funciones  Logarítmicas</PROPERTY>
	<OUTCOME>0</OUTCOME>
	<OUTCOME>1</OUTCOME>
	<OUTCOME>2</OUTCOME>
</VARIABLE>

<VARIABLE TYPE="nature">
	<NAME>Función  Valor absoluto</NAME>
	<PROPERTY>Función  Valor absoluto</PROPERTY>
	<OUTCOME>0</OUTCOME>
	<OUTCOME>1</OUTCOME>
	<OUTCOME>2</OUTCOME>
</VARIABLE>

<VARIABLE TYPE="nature">
	<NAME>Solución de  sistemas de  ecuaciones  por matrices</NAME>
	<PROPERTY>Solución de  sistemas de  ecuaciones  por matrices</PROPERTY>
	<OUTCOME>0</OUTCOME>
	<OUTCOME>1</OUTCOME>
	<OUTCOME>2</OUTCOME>
</VARIABLE>

<VARIABLE TYPE="nature">
	<NAME>División de polinomio entre monomio</NAME>
	<PROPERTY>División de polinomio entre monomio</PROPERTY>
	<OUTCOME>0</OUTCOME>
	<OUTCOME>1</OUTCOME>
	<OUTCOME>2</OUTCOME>
</VARIABLE>

<VARIABLE TYPE="nature">
	<NAME>División de polinomio entre polinomio</NAME>
	<PROPERTY>División de polinomio entre polinomio</PROPERTY>
	<OUTCOME>0</OUTCOME>
	<OUTCOME>1</OUTCOME>
	<OUTCOME>2</OUTCOME>
</VARIABLE>

<VARIABLE TYPE="nature">
	<NAME>Factorización</NAME>
	<PROPERTY>Factorización</PROPERTY>
	<OUTCOME>0</OUTCOME>
	<OUTCOME>1</OUTCOME>
	<OUTCOME>2</OUTCOME>
</VARIABLE>

<VARIABLE TYPE="nature">
	<NAME>Productos notables</NAME>
	<PROPERTY>Productos notables</PROPERTY>
	<OUTCOME>0</OUTCOME>
	<OUTCOME>1</OUTCOME>
	<OUTCOME>2</OUTCOME>
</VARIABLE>

<VARIABLE TYPE="nature">
	<NAME>Perímetros áreas y volúmenes</NAME>
	<PROPERTY>Perímetros áreas y volúmenes</PROPERTY>
	<OUTCOME>0</OUTCOME>
	<OUTCOME>1</OUTCOME>
	<OUTCOME>2</OUTCOME>
</VARIABLE>

<VARIABLE TYPE="nature">
	<NAME>Ley de los Senos</NAME>
	<PROPERTY>Ley de los Senos</PROPERTY>
	<OUTCOME>0</OUTCOME>
	<OUTCOME>1</OUTCOME>
	<OUTCOME>2</OUTCOME>
</VARIABLE>

<VARIABLE TYPE="nature">
	<NAME>Solución de trángulos rectángulos</NAME>
	<PROPERTY>Solución de trángulos rectángulos</PROPERTY>
	<OUTCOME>0</OUTCOME>
	<OUTCOME>1</OUTCOME>
	<OUTCOME>2</OUTCOME>
</VARIABLE>

<VARIABLE TYPE="nature">
	<NAME>Funciones Trigonométricas</NAME>
	<PROPERTY>Funciones Trigonométricas</PROPERTY>
	<OUTCOME>0</OUTCOME>
	<OUTCOME>1</OUTCOME>
	<OUTCOME>2</OUTCOME>
</VARIABLE>

<VARIABLE TYPE="nature">
	<NAME>Sólido de revolución</NAME>
	<PROPERTY>Sólido de revolución</PROPERTY>
	<OUTCOME>0</OUTCOME>
	<OUTCOME>1</OUTCOME>
	<OUTCOME>2</OUTCOME>
</VARIABLE>

<VARIABLE TYPE="nature">
	<NAME>Mínimo común múltiplo</NAME>
	<PROPERTY>Mínimo común múltiplo</PROPERTY>
	<OUTCOME>0</OUTCOME>
	<OUTCOME>1</OUTCOME>
	<OUTCOME>2</OUTCOME>
</VARIABLE>

<VARIABLE TYPE="nature">
	<NAME>Máximo común divisor</NAME>
	<PROPERTY>Máximo común divisor</PROPERTY>
	<OUTCOME>0</OUTCOME>
	<OUTCOME>1</OUTCOME>
	<OUTCOME>2</OUTCOME>
</VARIABLE>

<VARIABLE TYPE="nature">
	<NAME>Ecuaciones trigonometricas</NAME>
	<PROPERTY>Ecuaciones trigonometricas</PROPERTY>
	<OUTCOME>0</OUTCOME>
	<OUTCOME>1</OUTCOME>
	<OUTCOME>2</OUTCOME>
</VARIABLE>

<VARIABLE TYPE="nature">
	<NAME>Ley de los Cosenos</NAME>
	<PROPERTY>Ley de los Cosenos</PROPERTY>
	<OUTCOME>0</OUTCOME>
	<OUTCOME>1</OUTCOME>
	<OUTCOME>2</OUTCOME>
</VARIABLE>

<VARIABLE TYPE="nature">
	<NAME>Regla  de  Cramer</NAME>
	<PROPERTY>Regla  de  Cramer</PROPERTY>
	<OUTCOME>0</OUTCOME>
	<OUTCOME>1</OUTCOME>
	<OUTCOME>2</OUTCOME>
</VARIABLE>

<VARIABLE TYPE="nature">
	<NAME>Método de Gauss Jordan</NAME>
	<PROPERTY>Método de Gauss Jordan</PROPERTY>
	<OUTCOME>0</OUTCOME>
	<OUTCOME>1</OUTCOME>
	<OUTCOME>2</OUTCOME>
</VARIABLE>

<VARIABLE TYPE="nature">
	<NAME>Matriz  Inversa</NAME>
	<PROPERTY>Matriz  Inversa</PROPERTY>
	<OUTCOME>0</OUTCOME>
	<OUTCOME>1</OUTCOME>
	<OUTCOME>2</OUTCOME>
</VARIABLE>

<VARIABLE TYPE="nature">
	<NAME>División de  términos  algebraicos</NAME>
	<PROPERTY>División de  términos  algebraicos</PROPERTY>
	<OUTCOME>0</OUTCOME>
	<OUTCOME>1</OUTCOME>
	<OUTCOME>2</OUTCOME>
</VARIABLE>

<VARIABLE TYPE="nature">
	<NAME>Razón y proporciones</NAME>
	<PROPERTY>Razón y proporciones</PROPERTY>
	<OUTCOME>0</OUTCOME>
	<OUTCOME>1</OUTCOME>
	<OUTCOME>2</OUTCOME>
</VARIABLE>

<VARIABLE TYPE="nature">
	<NAME>Multiplicación de polinomios</NAME>
	<PROPERTY>Multiplicación de polinomios</PROPERTY>
	<OUTCOME>0</OUTCOME>
	<OUTCOME>1</OUTCOME>
	<OUTCOME>2</OUTCOME>
</VARIABLE>

<VARIABLE TYPE="nature">
	<NAME>Postulados y teoremas</NAME>
	<PROPERTY>Postulados y teoremas</PROPERTY>
	<OUTCOME>0</OUTCOME>
	<OUTCOME>1</OUTCOME>
	<OUTCOME>2</OUTCOME>
</VARIABLE>

<VARIABLE TYPE="nature">
	<NAME>Hipérbola</NAME>
	<PROPERTY>Hipérbola</PROPERTY>
	<OUTCOME>0</OUTCOME>
	<OUTCOME>1</OUTCOME>
	<OUTCOME>2</OUTCOME>
</VARIABLE>

<VARIABLE TYPE="nature">
	<NAME>Optimizacion</NAME>
	<PROPERTY>Optimizacion</PROPERTY>
	<OUTCOME>0</OUTCOME>
	<OUTCOME>1</OUTCOME>
	<OUTCOME>2</OUTCOME>
</VARIABLE>

<VARIABLE TYPE="nature">
	<NAME>Áreas bajo la curva</NAME>
	<PROPERTY>Áreas bajo la curva</PROPERTY>
	<OUTCOME>0</OUTCOME>
	<OUTCOME>1</OUTCOME>
	<OUTCOME>2</OUTCOME>
</VARIABLE>

<VARIABLE TYPE="nature">
	<NAME>Común denominador</NAME>
	<PROPERTY>Común denominador</PROPERTY>
	<OUTCOME>0</OUTCOME>
	<OUTCOME>1</OUTCOME>
	<OUTCOME>2</OUTCOME>
</VARIABLE>

<VARIABLE TYPE="nature">
	<NAME>Ley de signos</NAME>
	<PROPERTY>Ley de signos</PROPERTY>
	<OUTCOME>0</OUTCOME>
	<OUTCOME>1</OUTCOME>
	<OUTCOME>2</OUTCOME>
</VARIABLE>

<VARIABLE TYPE="nature">
	<NAME>Exponentes de números enteros elevados a números enteros</NAME>
	<PROPERTY>Exponentes de números enteros elevados a números enteros</PROPERTY>
	<OUTCOME>0</OUTCOME>
	<OUTCOME>1</OUTCOME>
	<OUTCOME>2</OUTCOME>
</VARIABLE>

<VARIABLE TYPE="nature">
	<NAME>División  aritmética de números enteros</NAME>
	<PROPERTY>División  aritmética de números enteros</PROPERTY>
	<OUTCOME>0</OUTCOME>
	<OUTCOME>1</OUTCOME>
	<OUTCOME>2</OUTCOME>
</VARIABLE>

<VARIABLE TYPE="nature">
	<NAME>Dominio y rango de una función</NAME>
	<PROPERTY>Dominio y rango de una función</PROPERTY>
	<OUTCOME>0</OUTCOME>
	<OUTCOME>1</OUTCOME>
	<OUTCOME>2</OUTCOME>
</VARIABLE>

<VARIABLE TYPE="nature">
	<NAME>Identidades  trigonométricas</NAME>
	<PROPERTY>Identidades  trigonométricas</PROPERTY>
	<OUTCOME>0</OUTCOME>
	<OUTCOME>1</OUTCOME>
	<OUTCOME>2</OUTCOME>
</VARIABLE>

<VARIABLE TYPE="nature">
	<NAME>Determinantes</NAME>
	<PROPERTY>Determinantes</PROPERTY>
	<OUTCOME>0</OUTCOME>
	<OUTCOME>1</OUTCOME>
	<OUTCOME>2</OUTCOME>
</VARIABLE>

<VARIABLE TYPE="nature">
	<NAME>Multiplicación de  términos algebraicos</NAME>
	<PROPERTY>Multiplicación de  términos algebraicos</PROPERTY>
	<OUTCOME>0</OUTCOME>
	<OUTCOME>1</OUTCOME>
	<OUTCOME>2</OUTCOME>
</VARIABLE>

<VARIABLE TYPE="nature">
	<NAME>Multiplicación de  números  racionales</NAME>
	<PROPERTY>Multiplicación de  números  racionales</PROPERTY>
	<OUTCOME>0</OUTCOME>
	<OUTCOME>1</OUTCOME>
	<OUTCOME>2</OUTCOME>
</VARIABLE>

<VARIABLE TYPE="nature">
	<NAME>Exponentes de números racionales a numeros enteros</NAME>
	<PROPERTY>Exponentes de números racionales a numeros enteros</PROPERTY>
	<OUTCOME>0</OUTCOME>
	<OUTCOME>1</OUTCOME>
	<OUTCOME>2</OUTCOME>
</VARIABLE>

<VARIABLE TYPE="nature">
	<NAME>Solución de problemas reales con sistemas de ecuaciones</NAME>
	<PROPERTY>Solución de problemas reales con sistemas de ecuaciones</PROPERTY>
	<OUTCOME>0</OUTCOME>
	<OUTCOME>1</OUTCOME>
	<OUTCOME>2</OUTCOME>
</VARIABLE>

<VARIABLE TYPE="nature">
	<NAME>Cuadrilateros</NAME>
	<PROPERTY>Cuadrilateros</PROPERTY>
	<OUTCOME>0</OUTCOME>
	<OUTCOME>1</OUTCOME>
	<OUTCOME>2</OUTCOME>
</VARIABLE>

<VARIABLE TYPE="nature">
	<NAME>Elipse</NAME>
	<PROPERTY>Elipse</PROPERTY>
	<OUTCOME>0</OUTCOME>
	<OUTCOME>1</OUTCOME>
	<OUTCOME>2</OUTCOME>
</VARIABLE>

<VARIABLE TYPE="nature">
	<NAME>Razones de cambio relacionadas</NAME>
	<PROPERTY>Razones de cambio relacionadas</PROPERTY>
	<OUTCOME>0</OUTCOME>
	<OUTCOME>1</OUTCOME>
	<OUTCOME>2</OUTCOME>
</VARIABLE>

<VARIABLE TYPE="nature">
	<NAME>Integral definida</NAME>
	<PROPERTY>Integral definida</PROPERTY>
	<OUTCOME>0</OUTCOME>
	<OUTCOME>1</OUTCOME>
	<OUTCOME>2</OUTCOME>
</VARIABLE>

<VARIABLE TYPE="nature">
	<NAME>Multiplicación aritmética de números enteros</NAME>
	<PROPERTY>Multiplicación aritmética de números enteros</PROPERTY>
	<OUTCOME>0</OUTCOME>
	<OUTCOME>1</OUTCOME>
	<OUTCOME>2</OUTCOME>
</VARIABLE>

<VARIABLE TYPE="nature">
	<NAME>Números racionales</NAME>
	<PROPERTY>Números racionales</PROPERTY>
	<OUTCOME>0</OUTCOME>
	<OUTCOME>1</OUTCOME>
	<OUTCOME>2</OUTCOME>
</VARIABLE>

<VARIABLE TYPE="nature">
	<NAME>Ángulos y sus  razones  trigonométricas</NAME>
	<PROPERTY>Ángulos y sus  razones  trigonométricas</PROPERTY>
	<OUTCOME>0</OUTCOME>
	<OUTCOME>1</OUTCOME>
	<OUTCOME>2</OUTCOME>
</VARIABLE>

<VARIABLE TYPE="nature">
	<NAME>Triángulos</NAME>
	<PROPERTY>Triángulos</PROPERTY>
	<OUTCOME>0</OUTCOME>
	<OUTCOME>1</OUTCOME>
	<OUTCOME>2</OUTCOME>
</VARIABLE>

<VARIABLE TYPE="nature">
	<NAME>Transpuesta</NAME>
	<PROPERTY>Transpuesta</PROPERTY>
	<OUTCOME>0</OUTCOME>
	<OUTCOME>1</OUTCOME>
	<OUTCOME>2</OUTCOME>
</VARIABLE>

<VARIABLE TYPE="nature">
	<NAME>Sistemas  de  ecuaciones</NAME>
	<PROPERTY>Sistemas  de  ecuaciones</PROPERTY>
	<OUTCOME>0</OUTCOME>
	<OUTCOME>1</OUTCOME>
	<OUTCOME>2</OUTCOME>
</VARIABLE>

<VARIABLE TYPE="nature">
	<NAME>Suma  y resta de  terminos algebraicos</NAME>
	<PROPERTY>Suma  y resta de  terminos algebraicos</PROPERTY>
	<OUTCOME>0</OUTCOME>
	<OUTCOME>1</OUTCOME>
	<OUTCOME>2</OUTCOME>
</VARIABLE>

<VARIABLE TYPE="nature">
	<NAME>Circunferencia</NAME>
	<PROPERTY>Circunferencia</PROPERTY>
	<OUTCOME>0</OUTCOME>
	<OUTCOME>1</OUTCOME>
	<OUTCOME>2</OUTCOME>
</VARIABLE>

<VARIABLE TYPE="nature">
	<NAME>Formas de expresar funciones matemáticas</NAME>
	<PROPERTY>Formas de expresar funciones matemáticas</PROPERTY>
	<OUTCOME>0</OUTCOME>
	<OUTCOME>1</OUTCOME>
	<OUTCOME>2</OUTCOME>
</VARIABLE>

<VARIABLE TYPE="nature">
	<NAME>Reglas de derivación</NAME>
	<PROPERTY>Reglas de derivación</PROPERTY>
	<OUTCOME>0</OUTCOME>
	<OUTCOME>1</OUTCOME>
	<OUTCOME>2</OUTCOME>
</VARIABLE>

<VARIABLE TYPE="nature">
	<NAME>Métodos de integración</NAME>
	<PROPERTY>Métodos de integración</PROPERTY>
	<OUTCOME>0</OUTCOME>
	<OUTCOME>1</OUTCOME>
	<OUTCOME>2</OUTCOME>
</VARIABLE>

<VARIABLE TYPE="nature">
	<NAME>Tablas de  multiplicar</NAME>
	<PROPERTY>Tablas de  multiplicar</PROPERTY>
	<OUTCOME>0</OUTCOME>
	<OUTCOME>1</OUTCOME>
	<OUTCOME>2</OUTCOME>
</VARIABLE>

<VARIABLE TYPE="nature">
	<NAME>Clasificación de los números</NAME>
	<PROPERTY>Clasificación de los números</PROPERTY>
	<OUTCOME>0</OUTCOME>
	<OUTCOME>1</OUTCOME>
	<OUTCOME>2</OUTCOME>
</VARIABLE>

<VARIABLE TYPE="nature">
	<NAME>Operaciones  aritméticas  compuestas</NAME>
	<PROPERTY>Operaciones  aritméticas  compuestas</PROPERTY>
	<OUTCOME>0</OUTCOME>
	<OUTCOME>1</OUTCOME>
	<OUTCOME>2</OUTCOME>
</VARIABLE>

<VARIABLE TYPE="nature">
	<NAME>Conceptos de  funciones  matemáticas</NAME>
	<PROPERTY>Conceptos de  funciones  matemáticas</PROPERTY>
	<OUTCOME>0</OUTCOME>
	<OUTCOME>1</OUTCOME>
	<OUTCOME>2</OUTCOME>
</VARIABLE>

<VARIABLE TYPE="nature">
	<NAME>Razones  trigonométricas</NAME>
	<PROPERTY>Razones  trigonométricas</PROPERTY>
	<OUTCOME>0</OUTCOME>
	<OUTCOME>1</OUTCOME>
	<OUTCOME>2</OUTCOME>
</VARIABLE>

<VARIABLE TYPE="nature">
	<NAME>Polígonos</NAME>
	<PROPERTY>Polígonos</PROPERTY>
	<OUTCOME>0</OUTCOME>
	<OUTCOME>1</OUTCOME>
	<OUTCOME>2</OUTCOME>
</VARIABLE>

<VARIABLE TYPE="nature">
	<NAME>Operaciones  con  matrices</NAME>
	<PROPERTY>Operaciones  con  matrices</PROPERTY>
	<OUTCOME>0</OUTCOME>
	<OUTCOME>1</OUTCOME>
	<OUTCOME>2</OUTCOME>
</VARIABLE>

<VARIABLE TYPE="nature">
	<NAME>Métodos analíticos para la resolución de sistemas de ecuaciones</NAME>
	<PROPERTY>Métodos analíticos para la resolución de sistemas de ecuaciones</PROPERTY>
	<OUTCOME>0</OUTCOME>
	<OUTCOME>1</OUTCOME>
	<OUTCOME>2</OUTCOME>
</VARIABLE>

<VARIABLE TYPE="nature">
	<NAME>Ecuaciones de  primer grado</NAME>
	<PROPERTY>Ecuaciones de  primer grado</PROPERTY>
	<OUTCOME>0</OUTCOME>
	<OUTCOME>1</OUTCOME>
	<OUTCOME>2</OUTCOME>
</VARIABLE>

<VARIABLE TYPE="nature">
	<NAME>Lenguaje común y lenguaje algebraico</NAME>
	<PROPERTY>Lenguaje común y lenguaje algebraico</PROPERTY>
	<OUTCOME>0</OUTCOME>
	<OUTCOME>1</OUTCOME>
	<OUTCOME>2</OUTCOME>
</VARIABLE>

<VARIABLE TYPE="nature">
	<NAME>Recta</NAME>
	<PROPERTY>Recta</PROPERTY>
	<OUTCOME>0</OUTCOME>
	<OUTCOME>1</OUTCOME>
	<OUTCOME>2</OUTCOME>
</VARIABLE>

<VARIABLE TYPE="nature">
	<NAME>Razón de cambio</NAME>
	<PROPERTY>Razón de cambio</PROPERTY>
	<OUTCOME>0</OUTCOME>
	<OUTCOME>1</OUTCOME>
	<OUTCOME>2</OUTCOME>
</VARIABLE>

<VARIABLE TYPE="nature">
	<NAME>Reglas de integración inmediatas</NAME>
	<PROPERTY>Reglas de integración inmediatas</PROPERTY>
	<OUTCOME>0</OUTCOME>
	<OUTCOME>1</OUTCOME>
	<OUTCOME>2</OUTCOME>
</VARIABLE>

<VARIABLE TYPE="nature">
	<NAME>Suma aritmética de números enteros</NAME>
	<PROPERTY>Suma aritmética de números enteros</PROPERTY>
	<OUTCOME>0</OUTCOME>
	<OUTCOME>1</OUTCOME>
	<OUTCOME>2</OUTCOME>
</VARIABLE>

<VARIABLE TYPE="nature">
	<NAME>Conjuntos Numericos</NAME>
	<PROPERTY>Conjuntos Numericos</PROPERTY>
	<OUTCOME>0</OUTCOME>
	<OUTCOME>1</OUTCOME>
	<OUTCOME>2</OUTCOME>
</VARIABLE>

<VARIABLE TYPE="nature">
	<NAME>Matrices</NAME>
	<PROPERTY>Matrices</PROPERTY>
	<OUTCOME>0</OUTCOME>
	<OUTCOME>1</OUTCOME>
	<OUTCOME>2</OUTCOME>
</VARIABLE>

<VARIABLE TYPE="nature">
	<NAME>Jerarquías de las operaciones aritméticas</NAME>
	<PROPERTY>Jerarquías de las operaciones aritméticas</PROPERTY>
	<OUTCOME>0</OUTCOME>
	<OUTCOME>1</OUTCOME>
	<OUTCOME>2</OUTCOME>
</VARIABLE>

<VARIABLE TYPE="nature">
	<NAME>Resta aritmética de números enteros</NAME>
	<PROPERTY>Resta aritmética de números enteros</PROPERTY>
	<OUTCOME>0</OUTCOME>
	<OUTCOME>1</OUTCOME>
	<OUTCOME>2</OUTCOME>
</VARIABLE>

<VARIABLE TYPE="nature">
	<NAME>Círculo  unitario</NAME>
	<PROPERTY>Círculo  unitario</PROPERTY>
	<OUTCOME>0</OUTCOME>
	<OUTCOME>1</OUTCOME>
	<OUTCOME>2</OUTCOME>
</VARIABLE>

<VARIABLE TYPE="nature">
	<NAME>Ángulos</NAME>
	<PROPERTY>Ángulos</PROPERTY>
	<OUTCOME>0</OUTCOME>
	<OUTCOME>1</OUTCOME>
	<OUTCOME>2</OUTCOME>
</VARIABLE>

<VARIABLE TYPE="nature">
	<NAME>Ecuaciones algebraicas</NAME>
	<PROPERTY>Ecuaciones algebraicas</PROPERTY>
	<OUTCOME>0</OUTCOME>
	<OUTCOME>1</OUTCOME>
	<OUTCOME>2</OUTCOME>
</VARIABLE>

<VARIABLE TYPE="nature">
	<NAME>Operaciones básicas del álgebra</NAME>
	<PROPERTY>Operaciones básicas del álgebra</PROPERTY>
	<OUTCOME>0</OUTCOME>
	<OUTCOME>1</OUTCOME>
	<OUTCOME>2</OUTCOME>
</VARIABLE>

<VARIABLE TYPE="nature">
	<NAME>Plano cartesiano</NAME>
	<PROPERTY>Plano cartesiano</PROPERTY>
	<OUTCOME>0</OUTCOME>
	<OUTCOME>1</OUTCOME>
	<OUTCOME>2</OUTCOME>
</VARIABLE>

<VARIABLE TYPE="nature">
	<NAME>Desigualdades - inecuaciones</NAME>
	<PROPERTY>Desigualdades - inecuaciones</PROPERTY>
	<OUTCOME>0</OUTCOME>
	<OUTCOME>1</OUTCOME>
	<OUTCOME>2</OUTCOME>
</VARIABLE>

<VARIABLE TYPE="nature">
	<NAME>Derivada</NAME>
	<PROPERTY>Derivada</PROPERTY>
	<OUTCOME>0</OUTCOME>
	<OUTCOME>1</OUTCOME>
	<OUTCOME>2</OUTCOME>
</VARIABLE>

<VARIABLE TYPE="nature">
	<NAME>Definición de la integral</NAME>
	<PROPERTY>Definición de la integral</PROPERTY>
	<OUTCOME>0</OUTCOME>
	<OUTCOME>1</OUTCOME>
	<OUTCOME>2</OUTCOME>
</VARIABLE>

<VARIABLE TYPE="nature">
	<NAME>Conjuntos</NAME>
	<PROPERTY>Conjuntos</PROPERTY>
	<OUTCOME>0</OUTCOME>
	<OUTCOME>1</OUTCOME>
	<OUTCOME>2</OUTCOME>
</VARIABLE>

<VARIABLE TYPE="nature">
	<NAME>Triángulos rectángulos</NAME>
	<PROPERTY>Triángulos rectángulos</PROPERTY>
	<OUTCOME>0</OUTCOME>
	<OUTCOME>1</OUTCOME>
	<OUTCOME>2</OUTCOME>
</VARIABLE>

<VARIABLE TYPE="nature">
	<NAME>Principios de la Geometría</NAME>
	<PROPERTY>Principios de la Geometría</PROPERTY>
	<OUTCOME>0</OUTCOME>
	<OUTCOME>1</OUTCOME>
	<OUTCOME>2</OUTCOME>
</VARIABLE>

<VARIABLE TYPE="nature">
	<NAME>Expresiones algebraicas</NAME>
	<PROPERTY>Expresiones algebraicas</PROPERTY>
	<OUTCOME>0</OUTCOME>
	<OUTCOME>1</OUTCOME>
	<OUTCOME>2</OUTCOME>
</VARIABLE>

<VARIABLE TYPE="nature">
	<NAME>Operaciones Aritméticas</NAME>
	<PROPERTY>Operaciones Aritméticas</PROPERTY>
	<OUTCOME>0</OUTCOME>
	<OUTCOME>1</OUTCOME>
	<OUTCOME>2</OUTCOME>
</VARIABLE>

<VARIABLE TYPE="nature">
	<NAME>Tríangulos  oblicuángulos</NAME>
	<PROPERTY>Tríangulos  oblicuángulos</PROPERTY>
	<OUTCOME>0</OUTCOME>
	<OUTCOME>1</OUTCOME>
	<OUTCOME>2</OUTCOME>
</VARIABLE>

<VARIABLE TYPE="nature">
	<NAME>Fórmula general  para ecuaciones  de segundo grado</NAME>
	<PROPERTY>Fórmula general  para ecuaciones  de segundo grado</PROPERTY>
	<OUTCOME>0</OUTCOME>
	<OUTCOME>1</OUTCOME>
	<OUTCOME>2</OUTCOME>
</VARIABLE>

<VARIABLE TYPE="nature">
	<NAME>Sistema de n ecuaciones lineales con n incógnitas</NAME>
	<PROPERTY>Sistema de n ecuaciones lineales con n incógnitas</PROPERTY>
	<OUTCOME>0</OUTCOME>
	<OUTCOME>1</OUTCOME>
	<OUTCOME>2</OUTCOME>
</VARIABLE>

<VARIABLE TYPE="nature">
	<NAME>Intervalos</NAME>
	<PROPERTY>Intervalos</PROPERTY>
	<OUTCOME>0</OUTCOME>
	<OUTCOME>1</OUTCOME>
	<OUTCOME>2</OUTCOME>
</VARIABLE>

<VARIABLE TYPE="nature">
	<NAME>Límites y continuidad</NAME>
	<PROPERTY>Límites y continuidad</PROPERTY>
	<OUTCOME>0</OUTCOME>
	<OUTCOME>1</OUTCOME>
	<OUTCOME>2</OUTCOME>
</VARIABLE>

<VARIABLE TYPE="nature">
	<NAME>Antiderivadas</NAME>
	<PROPERTY>Antiderivadas</PROPERTY>
	<OUTCOME>0</OUTCOME>
	<OUTCOME>1</OUTCOME>
	<OUTCOME>2</OUTCOME>
</VARIABLE>

<VARIABLE TYPE="nature">
	<NAME>Aritmetica</NAME>
	<PROPERTY>Aritmetica</PROPERTY>
	<OUTCOME>0</OUTCOME>
	<OUTCOME>1</OUTCOME>
	<OUTCOME>2</OUTCOME>
</VARIABLE>

<VARIABLE TYPE="nature">
	<NAME>Álgebra  lineal</NAME>
	<PROPERTY>Álgebra  lineal</PROPERTY>
	<OUTCOME>0</OUTCOME>
	<OUTCOME>1</OUTCOME>
	<OUTCOME>2</OUTCOME>
</VARIABLE>

<VARIABLE TYPE="nature">
	<NAME>Álgebra</NAME>
	<PROPERTY>Álgebra</PROPERTY>
	<OUTCOME>0</OUTCOME>
	<OUTCOME>1</OUTCOME>
	<OUTCOME>2</OUTCOME>
</VARIABLE>

<VARIABLE TYPE="nature">
	<NAME>Trigonometría</NAME>
	<PROPERTY>Trigonometría</PROPERTY>
	<OUTCOME>0</OUTCOME>
	<OUTCOME>1</OUTCOME>
	<OUTCOME>2</OUTCOME>
</VARIABLE>

<VARIABLE TYPE="nature">
	<NAME>Geometría</NAME>
	<PROPERTY>Geometría</PROPERTY>
	<OUTCOME>0</OUTCOME>
	<OUTCOME>1</OUTCOME>
	<OUTCOME>2</OUTCOME>
</VARIABLE>

<VARIABLE TYPE="nature">
	<NAME>Funciones  matemáticas</NAME>
	<PROPERTY>Funciones  matemáticas</PROPERTY>
	<OUTCOME>0</OUTCOME>
	<OUTCOME>1</OUTCOME>
	<OUTCOME>2</OUTCOME>
</VARIABLE>

<VARIABLE TYPE="nature">
	<NAME>Cálculo  Diferencial</NAME>
	<PROPERTY>Cálculo  Diferencial</PROPERTY>
	<OUTCOME>0</OUTCOME>
	<OUTCOME>1</OUTCOME>
	<OUTCOME>2</OUTCOME>
</VARIABLE>

<VARIABLE TYPE="nature">
	<NAME>Cálculo  Integral</NAME>
	<PROPERTY>Cálculo  Integral</PROPERTY>
	<OUTCOME>0</OUTCOME>
	<OUTCOME>1</OUTCOME>
	<OUTCOME>2</OUTCOME>
</VARIABLE>

<VARIABLE TYPE="nature">
	<NAME>Matematicas</NAME>
	<PROPERTY>Matematicas</PROPERTY>
	<OUTCOME>0</OUTCOME>
	<OUTCOME>1</OUTCOME>
	<OUTCOME>2</OUTCOME>
</VARIABLE>

<!-- Probability distributions -->
<DEFINITION>
	<FOR>Porcentajes</FOR>
	<GIVEN>Regla  detres</GIVEN>
	<GIVEN>Razón y proporciones</GIVEN>
	<TABLE>
		0.264578 0.391645 0.343777
		0.247969 0.379838 0.372193
		0.264372 0.360308 0.37532
		0.26255 0.380403 0.357047
		0.259982 0.385858 0.35416
		0.267691 0.365456 0.366853
		0.264079 0.380028 0.355893
		0.263436 0.377666 0.358898
		0.265078 0.378208 0.356715
	</TABLE>
</DEFINITION>
<DEFINITION>
	<FOR>Teorema de Thales de Mileto</FOR>
	<GIVEN>Semezanjas de triangulos</GIVEN>
	<TABLE>
		0.191008 0.382218 0.426773
		0.184113 0.389412 0.426475
		0.188648 0.38902 0.422332
	</TABLE>
</DEFINITION>
<DEFINITION>
	<FOR>Teorema de Pitágoras</FOR>
	<GIVEN>Semezanjas de triangulos</GIVEN>
	<TABLE>
		0.229035 0.317472 0.453493
		0.233697 0.315536 0.450766
		0.23323 0.321527 0.445243
	</TABLE>
</DEFINITION>
<DEFINITION>
	<FOR>Teorema de Euclides</FOR>
	<GIVEN>Semezanjas de triangulos</GIVEN>
	<TABLE>
		0.335644 0.318212 0.346143
		0.329711 0.324902 0.345387
		0.324211 0.32161 0.35418
	</TABLE>
</DEFINITION>
<DEFINITION>
	<FOR>Notación científica</FOR>
	<GIVEN>Ley de exponentes</GIVEN>
	<GIVEN>Exponentes de números enteros elevados a números enteros</GIVEN>
	<TABLE>
		0.306806 0.286649 0.406545
		0.310567 0.272332 0.417101
		0.31768 0.285327 0.396993
		0.305155 0.27066 0.424185
		0.296268 0.286875 0.416857
		0.311073 0.285326 0.403601
		0.325503 0.278188 0.396309
		0.299456 0.28988 0.410664
		0.309862 0.278047 0.412091
	</TABLE>
</DEFINITION>
<DEFINITION>
	<FOR>Radicales</FOR>
	<GIVEN>División de  números  racionales</GIVEN>
	<GIVEN>Multiplicación de  números  racionales</GIVEN>
	<GIVEN>Resta de  números  racionales</GIVEN>
	<TABLE>
		0.373541 0.357977 0.268482
		0.373089 0.333333 0.293578
		0.352572 0.350063 0.297365
		0.383648 0.350943 0.265409
		0.354839 0.356855 0.288306
		0.361138 0.350343 0.288518
		0.372818 0.346454 0.280728
		0.377332 0.338327 0.284341
		0.379608 0.334118 0.286275
		0.386885 0.344262 0.268852
		0.38 0.332 0.288
		0.382048 0.341772 0.27618
		0.367028 0.33935 0.293622
		0.388596 0.324561 0.286842
		0.383573 0.333333 0.283094
		0.390283 0.336551 0.273166
		0.380327 0.350347 0.269326
		0.386224 0.337577 0.276199
		0.416318 0.296025 0.287657
		0.379696 0.331735 0.288569
		0.385471 0.335804 0.278725
		0.377536 0.344928 0.277536
		0.398459 0.347276 0.254265
		0.388422 0.338446 0.273132
		0.378236 0.340413 0.281351
		0.381426 0.345777 0.272797
		0.381007 0.331229 0.287764
	</TABLE>
</DEFINITION>
<DEFINITION>
	<FOR>Regla  detres</FOR>
	<GIVEN>Razón y proporciones</GIVEN>
	<GIVEN>División de  números  racionales</GIVEN>
	<GIVEN>Multiplicación de  números  racionales</GIVEN>
	<TABLE>
		0.123077 0.2 0.676923
		0.118866 0.193021 0.688113
		0.108397 0.194809 0.696794
		0.122535 0.153521 0.723944
		0.124016 0.19685 0.679134
		0.115673 0.190808 0.693519
		0.115066 0.17053 0.714404
		0.119956 0.185738 0.694306
		0.120543 0.194635 0.684822
		0.109244 0.205042 0.685714
		0.132603 0.175182 0.692214
		0.112156 0.201672 0.686172
		0.159292 0.182891 0.657817
		0.131324 0.181916 0.68676
		0.121087 0.183993 0.69492
		0.115308 0.181909 0.702783
		0.123912 0.196919 0.679169
		0.123401 0.1962 0.680399
		0.122222 0.190278 0.6875
		0.11059 0.187441 0.701968
		0.122762 0.19335 0.683887
		0.123662 0.186683 0.689655
		0.119531 0.197656 0.682813
		0.118814 0.186741 0.694444
		0.137854 0.19076 0.671386
		0.11691 0.193633 0.689457
		0.123914 0.194559 0.681527
	</TABLE>
</DEFINITION>
<DEFINITION>
	<FOR>Solución de problemas reales con ecuaciones de segundo grado</FOR>
	<GIVEN>Ecuaciones de segundo grado</GIVEN>
	<TABLE>
		0.416531 0.303213 0.280256
		0.419237 0.306591 0.274173
		0.42185 0.300859 0.277291
	</TABLE>
</DEFINITION>
<DEFINITION>
	<FOR>Semezanjas de triangulos</FOR>
	<GIVEN>Congruencia de trángulos</GIVEN>
	<TABLE>
		0.254057 0.335518 0.410424
		0.250441 0.341781 0.407779
		0.250914 0.337139 0.411947
	</TABLE>
</DEFINITION>
<DEFINITION>
	<FOR>Ley de exponentes</FOR>
	<GIVEN>División de  números  racionales</GIVEN>
	<GIVEN>Multiplicación de  números  racionales</GIVEN>
	<GIVEN>Resta de  números  racionales</GIVEN>
	<GIVEN>Suma de números racionales</GIVEN>
	<TABLE>
		0.40678 0.322034 0.271186
		0.377246 0.293413 0.329341
		0.417647 0.323529 0.258824
		0.395833 0.295833 0.308333
		0.422886 0.318408 0.258706
		0.42723 0.215962 0.356808
		0.364548 0.29097 0.344482
		0.394422 0.278884 0.326693
		0.376518 0.283401 0.340081
		0.381443 0.302405 0.316151
		0.329412 0.278431 0.392157
		0.413655 0.261044 0.325301
		0.462644 0.227011 0.310345
		0.44164 0.274448 0.283912
		0.397554 0.269113 0.333333
		0.395604 0.266484 0.337912
		0.366883 0.285714 0.347403
		0.458213 0.25072 0.291066
		0.41412 0.266596 0.319283
		0.396973 0.285215 0.317811
		0.40678 0.270056 0.323164
		0.404094 0.254738 0.341168
		0.410922 0.273948 0.31513
		0.389292 0.295826 0.314882
		0.390558 0.294707 0.314735
		0.369755 0.307997 0.322249
		0.371134 0.287801 0.341065
		0.385281 0.30303 0.311688
		0.411168 0.269036 0.319797
		0.362637 0.258242 0.379121
		0.422794 0.253676 0.323529
		0.480851 0.251064 0.268085
		0.358025 0.292181 0.349794
		0.400631 0.264984 0.334385
		0.352941 0.297794 0.349265
		0.414286 0.264286 0.321429
		0.376238 0.313531 0.310231
		0.388889 0.246032 0.365079
		0.394928 0.297101 0.307971
		0.417607 0.266366 0.316027
		0.373563 0.301724 0.324713
		0.438395 0.226361 0.335244
		0.412027 0.260579 0.327394
		0.356771 0.276042 0.367188
		0.432304 0.285036 0.28266
		0.404783 0.268379 0.326838
		0.394004 0.277302 0.328694
		0.419139 0.265072 0.315789
		0.401639 0.279372 0.318989
		0.416928 0.262539 0.320533
		0.375772 0.299383 0.324846
		0.371704 0.303537 0.324759
		0.38885 0.302752 0.308398
		0.389629 0.288017 0.322355
		0.432602 0.260188 0.30721
		0.404605 0.263158 0.332237
		0.363363 0.276276 0.36036
		0.391685 0.306346 0.301969
		0.422785 0.260759 0.316456
		0.378446 0.278195 0.343358
		0.396588 0.302772 0.30064
		0.407059 0.272941 0.32
		0.448352 0.23956 0.312088
		0.41635 0.243346 0.340304
		0.359091 0.320455 0.320455
		0.449275 0.26087 0.289855
		0.386197 0.302496 0.311307
		0.430556 0.267361 0.302083
		0.4 0.294643 0.305357
		0.40225 0.28692 0.31083
		0.441896 0.250765 0.307339
		0.385671 0.297256 0.317073
		0.414954 0.285388 0.299658
		0.39386 0.270411 0.335728
		0.397351 0.28236 0.320289
		0.390408 0.281027 0.328565
		0.416828 0.273694 0.309478
		0.386418 0.277857 0.335725
		0.397488 0.280794 0.321718
		0.410075 0.280601 0.309324
		0.411161 0.275893 0.312946
	</TABLE>
</DEFINITION>
<DEFINITION>
	<FOR>División de  números  racionales</FOR>
	<GIVEN>Multiplicación de  números  racionales</GIVEN>
	<GIVEN>Resta de  números  racionales</GIVEN>
	<GIVEN>Suma de números racionales</GIVEN>
	<TABLE>
		0.243466 0.317744 0.43879
		0.25 0.29491 0.45509
		0.248175 0.265693 0.486131
		0.247678 0.280702 0.47162
		0.241877 0.282792 0.475331
		0.249123 0.284211 0.466667
		0.275576 0.292166 0.432258
		0.264768 0.28692 0.448312
		0.251527 0.285132 0.46334
		0.259821 0.270536 0.469643
		0.269271 0.266103 0.464625
		0.265176 0.29393 0.440895
		0.236413 0.300951 0.462636
		0.255439 0.280419 0.464142
		0.264563 0.282362 0.453074
		0.238845 0.294619 0.466535
		0.228826 0.28529 0.485884
		0.24368 0.295646 0.460674
		0.247781 0.294778 0.457441
		0.258424 0.280987 0.46059
		0.246449 0.291005 0.462545
		0.25562 0.283721 0.460659
		0.250392 0.286035 0.463573
		0.245489 0.288706 0.465805
		0.257886 0.286847 0.455267
		0.255513 0.286668 0.457819
		0.240944 0.295384 0.463672
	</TABLE>
</DEFINITION>
<DEFINITION>
	<FOR>Resta de  números  racionales</FOR>
	<GIVEN>Suma de números racionales</GIVEN>
	<TABLE>
		0.266426 0.35672 0.376854
		0.263991 0.34919 0.386819
		0.274012 0.345734 0.380254
	</TABLE>
</DEFINITION>
<DEFINITION>
	<FOR>Ecuaciones de segundo grado</FOR>
	<GIVEN>Factorización</GIVEN>
	<GIVEN>Productos notables</GIVEN>
	<TABLE>
		0.321894 0.29888 0.379227
		0.324086 0.310845 0.365069
		0.324551 0.299816 0.375633
		0.327173 0.290004 0.382822
		0.325888 0.300508 0.373604
		0.324438 0.290339 0.385224
		0.320576 0.300653 0.378771
		0.322586 0.292117 0.385297
		0.321259 0.311532 0.367208
	</TABLE>
</DEFINITION>
<DEFINITION>
	<FOR>Congruencia de trángulos</FOR>
	<GIVEN>Perímetros áreas y volúmenes</GIVEN>
	<TABLE>
		0.267063 0.312376 0.420561
		0.273636 0.305424 0.42094
		0.271378 0.306858 0.421764
	</TABLE>
</DEFINITION>
<DEFINITION>
	<FOR>Relación métrica de la circunferencia</FOR>
	<GIVEN>Perímetros áreas y volúmenes</GIVEN>
	<TABLE>
		0.266308 0.280846 0.452846
		0.273416 0.281981 0.444603
		0.267178 0.279247 0.453574
	</TABLE>
</DEFINITION>
<DEFINITION>
	<FOR>Solución de problemas reales con álgebra lineal</FOR>
	<GIVEN>Solución de  sistemas de  ecuaciones  por matrices</GIVEN>
	<TABLE>
		0.495981 0.245724 0.258295
		0.497538 0.249971 0.252491
		0.499781 0.25431 0.245909
	</TABLE>
</DEFINITION>
<DEFINITION>
	<FOR>Solución de problemas reales con trigonometría</FOR>
	<GIVEN>Solución de trángulos rectángulos</GIVEN>
	<TABLE>
		0.30089 0.345973 0.353137
		0.312634 0.33833 0.349036
		0.313522 0.336761 0.349718
	</TABLE>
</DEFINITION>
<DEFINITION>
	<FOR>Modelado de funciones</FOR>
	<GIVEN>Funciones Trigonométricas</GIVEN>
	<GIVEN>Función  Valor absoluto</GIVEN>
	<GIVEN>Funciones  Logarítmicas</GIVEN>
	<GIVEN>Función  Exponencial</GIVEN>
	<GIVEN>Función Polinomial</GIVEN>
	<GIVEN>Función Cuadrática</GIVEN>
	<GIVEN>Función  Lineal</GIVEN>
	<TABLE>
		1 0 0
		0 0.333333 0.666667
		0.2 0.2 0.6
		0.333333 0.333333 0.333333
		0.6 0 0.4
		0.25 0.375 0.375
		0.666667 0.333333 0
		0.444444 0.222222 0.333333
		0.428571 0.142857 0.428571
		0.25 0.25 0.5
		0.4 0.6 0
		0.466667 0.266667 0.266667
		0.5 0.333333 0.166667
		0.272727 0.363636 0.363636
		0.3125 0.375 0.3125
		0.714286 0 0.285714
		0.272727 0.454545 0.272727
		0.555556 0.111111 0.333333
		0.666667 0.166667 0.166667
		0.333333 0.333333 0.333333
		0.466667 0.2 0.333333
		0.384615 0.230769 0.384615
		0.636364 0.181818 0.181818
		0.153846 0.384615 0.461538
		0.2 0.1 0.7
		0.333333 0.444444 0.222222
		0.37931 0.241379 0.37931
		0 0.5 0.5
		0.571429 0.142857 0.285714
		0.636364 0.181818 0.181818
		0 0.4 0.6
		0.5 0.142857 0.357143
		0.380952 0.190476 0.428571
		0 0.6 0.4
		0.368421 0.421053 0.210526
		0.322581 0.193548 0.483871
		0.4 0 0.6
		0.5 0.2 0.3
		0.521739 0.304348 0.173913
		0.4 0.3 0.3
		0.424242 0.363636 0.212121
		0.535714 0.321429 0.142857
		0.5 0.2 0.3
		0.529412 0.117647 0.352941
		0.306452 0.387097 0.306452
		1 0 0
		0.466667 0.2 0.333333
		0.423077 0.269231 0.307692
		0.5 0.125 0.375
		0.4 0.35 0.25
		0.409091 0.318182 0.272727
		0.434783 0.304348 0.26087
		0.314286 0.371429 0.314286
		0.34 0.36 0.3
		0.666667 0.333333 0
		0.333333 0.333333 0.333333
		0.428571 0 0.571429
		0 0.75 0.25
		0.333333 0.333333 0.333333
		0.26087 0.434783 0.304348
		0.833333 0 0.166667
		0.461538 0.230769 0.307692
		0.55 0.3 0.15
		0.142857 0.428571 0.428571
		0.4 0.2 0.4
		0.384615 0.307692 0.307692
		0.6 0.2 0.2
		0.555556 0.166667 0.277778
		0.428571 0.178571 0.392857
		0.318182 0.363636 0.318182
		0.53125 0.28125 0.1875
		0.4 0.285714 0.314286
		0 0.5 0.5
		0.25 0.375 0.375
		0.5 0.142857 0.357143
		0.142857 0.428571 0.428571
		0.428571 0.285714 0.285714
		0.470588 0.176471 0.352941
		0.357143 0.428571 0.214286
		0.466667 0.3 0.233333
		0.484848 0.242424 0.272727
		0.25 0.25 0.5
		0.333333 0 0.666667
		0.571429 0.285714 0.142857
		0 0 1
		0.6 0.2 0.2
		0.3 0.5 0.2
		0.6 0.4 0
		0.6 0 0.4
		0.411765 0.235294 0.352941
		0.5 0.5 0
		0.5 0.3 0.2
		0.533333 0.133333 0.333333
		0.4 0.2 0.4
		0.230769 0.538462 0.230769
		0.529412 0.235294 0.235294
		0.333333 0.416667 0.25
		0.473684 0.0526316 0.473684
		0.435897 0.333333 0.230769
		0.5 0 0.5
		0.2 0.6 0.2
		0.411765 0.176471 0.411765
		0.625 0.375 0
		0.315789 0.263158 0.421053
		0.290323 0.419355 0.290323
		0.461538 0.0769231 0.461538
		0.318182 0.181818 0.5
		0.407407 0.333333 0.259259
		0.571429 0.285714 0.142857
		0.555556 0.111111 0.333333
		0.411765 0.117647 0.470588
		0.222222 0.444444 0.333333
		0.368421 0.263158 0.368421
		0.421053 0.157895 0.421053
		0.375 0.125 0.5
		0.352941 0.235294 0.411765
		0.25 0.25 0.5
		0.2 0.3 0.5
		0.25 0.5 0.25
		0.478261 0.173913 0.347826
		0.384615 0.230769 0.384615
		0.533333 0.2 0.266667
		0.292683 0.365854 0.341463
		0.346154 0.307692 0.346154
		0.309524 0.309524 0.380952
		0.328125 0.296875 0.375
		0.384615 0.461538 0.153846
		0.266667 0.333333 0.4
		0.4375 0.25 0.3125
		0.352941 0.352941 0.294118
		0.451613 0.290323 0.258065
		0.410714 0.303571 0.285714
		0.315789 0.315789 0.368421
		0.485714 0.285714 0.228571
		0.472222 0.277778 0.25
		0.25 0.5 0.25
		0.6 0.2 0.2
		0.285714 0.357143 0.357143
		0.428571 0.142857 0.428571
		0.375 0.375 0.25
		0.5 0.166667 0.333333
		0.3 0.4 0.3
		0.647059 0.176471 0.176471
		0.375 0.291667 0.333333
		0.428571 0.285714 0.285714
		0.2 0.6 0.2
		0.388889 0.388889 0.222222
		0.666667 0.0833333 0.25
		0.583333 0.166667 0.25
		0.520833 0.208333 0.270833
		0.285714 0.380952 0.333333
		0.5 0.333333 0.166667
		0.392157 0.294118 0.313725
		0.181818 0.363636 0.454545
		0.272727 0.363636 0.363636
		0.416667 0.25 0.333333
		0.333333 0.444444 0.222222
		0.333333 0.208333 0.458333
		0.263158 0.315789 0.421053
		0.588235 0.117647 0.294118
		0.454545 0.318182 0.227273
		0.416667 0.233333 0.35
		0.8 0.2 0
		0.5 0 0.5
		0.4 0.4 0.2
		0.666667 0.333333 0
		0.333333 0.333333 0.333333
		0.444444 0.333333 0.222222
		0.5 0 0.5
		0.8 0 0.2
		0.444444 0.333333 0.222222
		0.75 0.25 0
		0 0.5 0.5
		0.1 0.2 0.7
		0.571429 0.285714 0.142857
		0.625 0.25 0.125
		0.458333 0.291667 0.25
		0.7 0.1 0.2
		0.384615 0.384615 0.230769
		0.473684 0.210526 0.315789
		0.2 0.4 0.4
		0 1 0
		0.272727 0.454545 0.272727
		0.111111 0.444444 0.444444
		0.214286 0.5 0.285714
		0.333333 0.222222 0.444444
		0.142857 0.571429 0.285714
		0.3 0.3 0.4
		0.285714 0.371429 0.342857
		0.375 0.375 0.25
		0.8 0 0.2
		0.428571 0.214286 0.357143
		0.5 0.25 0.25
		0.421053 0.157895 0.421053
		0.666667 0.25 0.0833333
		0.416667 0.333333 0.25
		0.130435 0.347826 0.521739
		0.4 0.4 0.2
		0.25 0.375 0.375
		0.235294 0.352941 0.411765
		0.5 0.227273 0.272727
		0.4 0.333333 0.266667
		0.423077 0.269231 0.307692
		0.441176 0.205882 0.352941
		0.375 0.5625 0.0625
		0.4 0.433333 0.166667
		0.387755 0.367347 0.244898
		0.75 0 0.25
		0.411765 0.176471 0.411765
		0.4375 0.3125 0.25
		0.473684 0.263158 0.263158
		0.208333 0.333333 0.458333
		0.340909 0.295455 0.363636
		0.45 0 0.55
		0.5 0.269231 0.230769
		0.44186 0.302326 0.255814
		0.5 0 0.5
		0.75 0.25 0
		0.5 0 0.5
		0.5 0.5 0
		0.375 0.25 0.375
		0.416667 0.333333 0.25
		0.2 0.2 0.6
		0.285714 0.285714 0.428571
		0.5 0.208333 0.291667
		0.2 0.6 0.2
		0.555556 0.222222 0.222222
		0.263158 0.526316 0.210526
		0.5 0.5 0
		0.4 0.24 0.36
		0.24 0.16 0.6
		0.444444 0.277778 0.277778
		0.423077 0.307692 0.269231
		0.410256 0.333333 0.25641
		0.75 0 0.25
		0.428571 0.142857 0.428571
		0.3 0.35 0.35
		0.307692 0.153846 0.538462
		0.421053 0.368421 0.210526
		0.434783 0.130435 0.434783
		0.47619 0.380952 0.142857
		0.352941 0.235294 0.411765
		0.483871 0.225806 0.290323
		0 0 1
		0.333333 0.333333 0.333333
		0.5 0.5 0
		0.75 0 0.25
		0.333333 0.333333 0.333333
		0.384615 0.384615 0.230769
		0 0.166667 0.833333
		0.166667 0.333333 0.5
		0.333333 0.333333 0.333333
		0 0.5 0.5
		0.333333 0.166667 0.5
		0.625 0.125 0.25
		0.272727 0.454545 0.272727
		0.555556 0.111111 0.333333
		0.444444 0.277778 0.277778
		0.3 0.4 0.3
		0.428571 0.285714 0.285714
		0.428571 0.342857 0.228571
		0 0 1
		0.25 0.25 0.5
		0.352941 0.294118 0.352941
		0.333333 0.166667 0.5
		0.375 0.5 0.125
		0.45 0.2 0.35
		0.142857 0.428571 0.428571
		0.380952 0.428571 0.190476
		0.181818 0.409091 0.409091
		0.333333 0 0.666667
		0.2 0.6 0.2
		0.555556 0.222222 0.222222
		0.555556 0.333333 0.111111
		0.5 0.25 0.25
		0.454545 0.272727 0.272727
		0.181818 0.181818 0.636364
		0.470588 0.235294 0.294118
		0.4 0.166667 0.433333
		0.666667 0.333333 0
		0.333333 0.333333 0.333333
		0.52381 0.190476 0.285714
		0.538462 0.0769231 0.384615
		0.36 0.32 0.32
		0.5 0.25 0.25
		0.263158 0.473684 0.263158
		0.358974 0.25641 0.384615
		0.507692 0.246154 0.246154
		0.666667 0.166667 0.166667
		0.466667 0.4 0.133333
		0.5 0.25 0.25
		0.222222 0.388889 0.388889
		0.391304 0.347826 0.26087
		0.44 0.24 0.32
		0.48 0.32 0.2
		0.428571 0.321429 0.25
		0.403226 0.354839 0.241935
		0 0.333333 0.666667
		0.333333 0.666667 0
		0.4375 0.3125 0.25
		0.142857 0.285714 0.571429
		0.375 0.375 0.25
		0.214286 0.285714 0.5
		0.666667 0.333333 0
		0.428571 0.285714 0.285714
		0.190476 0.238095 0.571429
